# step, loss_train, loss_test, metrics_test
0.000000000000000000e+00 1.380650401115417480e-01 2.382377535104751587e-02 8.751477599143981934e-01 4.027652740478515625e+00 2.071871161460876465e-01 1.048989072442054749e-01 1.421779990196228027e-01 2.470852993428707123e-02 8.952358365058898926e-01 4.027652740478515625e+00 2.071871161460876465e-01 1.048989072442054749e-01
1.000000000000000000e+03 2.508005499839782715e-02 8.749336004257202148e-03 1.727393269538879395e-02 5.203250646591186523e-01 5.433699116110801697e-02 9.426746983081102371e-04 1.575325615704059601e-02 6.331623997539281845e-03 1.252094097435474396e-02 5.203250646591186523e-01 5.433699116110801697e-02 9.426746983081102371e-04
2.000000000000000000e+03 6.795482244342565536e-03 2.749361563473939896e-03 3.415201790630817413e-03 1.409748010337352753e-02 4.700434859842061996e-03 2.632402174640446901e-04 5.162519868463277817e-03 1.966279232874512672e-03 2.440383192151784897e-03 1.409748010337352753e-02 4.700434859842061996e-03 2.632402174640446901e-04
3.000000000000000000e+03 5.135852377861738205e-03 1.045432640239596367e-03 1.872746623121201992e-03 4.350963979959487915e-03 1.464430824853479862e-03 1.140752283390611410e-04 2.927960362285375595e-03 8.072123746387660503e-04 1.518613193184137344e-03 4.350963979959487915e-03 1.464430824853479862e-03 1.140752283390611410e-04
4.000000000000000000e+03 7.551588583737611771e-03 9.259443613700568676e-04 9.005307801999151707e-04 2.039175480604171753e-03 7.012652931734919548e-04 3.444055982981808484e-05 6.130845285952091217e-03 6.923890905454754829e-04 7.323984173126518726e-04 2.039175480604171753e-03 7.012652931734919548e-04 3.444055982981808484e-05
5.000000000000000000e+03 9.276437340304255486e-04 2.802729723043739796e-04 5.045013385824859142e-04 6.349882460199296474e-04 3.228342975489795208e-04 1.056917699315818027e-05 5.736018065363168716e-04 2.192875108448788524e-04 4.158877709414809942e-04 6.349882460199296474e-04 3.228342975489795208e-04 1.056917699315818027e-05
6.000000000000000000e+03 6.403467268683016300e-04 2.188561047660186887e-04 3.804930311162024736e-04 4.136073403060436249e-04 1.908701233332976699e-04 4.697458734881365672e-06 4.148645966779440641e-04 1.697977422736585140e-04 3.169030533172190189e-04 4.136073403060436249e-04 1.908701233332976699e-04 4.697458734881365672e-06
7.000000000000000000e+03 7.012177957221865654e-04 2.032590418821200728e-04 3.213209565728902817e-04 3.353532229084521532e-04 1.308950159000232816e-04 3.246635287723620422e-06 5.022160476073622704e-04 1.605031866347417235e-04 2.727948012761771679e-04 3.353532229084521532e-04 1.308950159000232816e-04 3.246635287723620422e-06
8.000000000000000000e+03 1.175943645648658276e-03 2.253124548587948084e-04 4.275805840734392405e-04 3.080726019106805325e-04 9.553946438245475292e-05 3.405569486858439632e-06 1.051939325407147408e-03 1.809270179364830256e-04 3.779056423809379339e-04 3.080726019106805325e-04 9.553946438245475292e-05 3.405569486858439632e-06
9.000000000000000000e+03 3.128087264485657215e-04 1.465448003727942705e-04 2.352439478272572160e-04 2.155672700610011816e-04 8.606754272477701306e-05 2.795879936456913128e-06 2.156629343517124653e-04 1.133348268922418356e-04 1.980365923373028636e-04 2.155672700610011816e-04 8.606754272477701306e-05 2.795879936456913128e-06
1.000000000000000000e+04 2.685037907212972641e-04 1.321532181464135647e-04 2.095076342811807990e-04 1.907157711684703827e-04 7.742209709249436855e-05 2.773922460619360209e-06 1.903973170556128025e-04 1.024247467285022140e-04 1.759629813022911549e-04 1.907157711684703827e-04 7.742209709249436855e-05 2.773922460619360209e-06
1.100000000000000000e+04 3.482556785456836224e-04 1.339004811597988009e-04 1.872560678748413920e-04 1.942368544405326247e-04 7.830307004041969776e-05 2.438587443975848146e-06 2.608529175631701946e-04 1.042025905917398632e-04 1.630053011467680335e-04 1.942368544405326247e-04 7.830307004041969776e-05 2.438587443975848146e-06
1.200000000000000000e+04 1.858098898082971573e-03 1.674624072620645165e-04 3.544673381838947535e-04 3.376235836185514927e-04 7.522943633375689387e-05 3.353864485688973218e-06 1.362765091471374035e-03 1.298791321460157633e-04 3.266800486017018557e-04 3.376235836185514927e-04 7.522943633375689387e-05 3.353864485688973218e-06
1.300000000000000000e+04 1.294180098921060562e-02 1.278776209801435471e-03 2.213529543951153755e-03 8.099882397800683975e-04 1.607629237696528435e-04 3.692021664392086677e-06 1.121706515550613403e-02 9.980892064049839973e-04 2.208947204053401947e-03 8.099882397800683975e-04 1.607629237696528435e-04 3.692021664392086677e-06
1.400000000000000000e+04 2.983504207804799080e-03 1.613917993381619453e-04 5.523794097825884819e-04 4.005374794360250235e-04 5.872762631042860448e-05 5.251345100987236947e-06 2.412577159702777863e-03 1.285408216062933207e-04 5.155106773599982262e-04 4.005374794360250235e-04 5.872762631042860448e-05 5.251345100987236947e-06
1.500000000000000000e+04 9.753422345966100693e-04 1.908778358483687043e-04 1.885620877146720886e-04 2.295995218446478248e-04 5.058817623648792505e-05 3.074541382375173271e-06 8.925772854126989841e-04 1.489461865276098251e-04 1.723954919725656509e-04 2.295995218446478248e-04 5.058817623648792505e-05 3.074541382375173271e-06
1.600000000000000000e+04 3.756862715817987919e-04 9.185745147988200188e-05 1.535664196126163006e-04 2.729915140662342310e-04 5.535551099455915391e-05 2.594584884718642570e-06 3.295271890237927437e-04 7.521999214077368379e-05 1.387303782394155860e-04 2.729915140662342310e-04 5.535551099455915391e-05 2.594584884718642570e-06
1.700000000000000000e+04 3.769362112507224083e-03 5.102399154566228390e-04 1.437980536138638854e-04 6.318244268186390400e-04 1.007584578474052250e-04 5.764082288806093857e-06 3.369962563738226891e-03 4.263452719897031784e-04 1.208287649205885828e-04 6.318244268186390400e-04 1.007584578474052250e-04 5.764082288806093857e-06
1.800000000000000000e+04 1.463805325329303741e-03 1.157922743004746735e-04 1.219056066474877298e-04 3.161845379509031773e-04 5.735444574384018779e-05 1.377158787363441661e-05 1.269836444407701492e-03 8.736697054700925946e-05 1.013265791698358953e-04 3.161845379509031773e-04 5.735444574384018779e-05 1.377158787363441661e-05
1.900000000000000000e+04 1.746501366142183542e-04 6.706596468575298786e-05 1.051396393449977040e-04 1.161024774773977697e-04 4.332585012889467180e-05 2.407510919510968961e-06 1.438501640222966671e-04 5.139849236002191901e-05 8.862708637025207281e-05 1.161024774773977697e-04 4.332585012889467180e-05 2.407510919510968961e-06
2.000000000000000000e+04 3.300794633105397224e-04 7.919730705907568336e-05 1.004808145808055997e-04 1.397892629029229283e-04 4.510088547249324620e-05 2.662441374923218973e-06 2.754048909991979599e-04 6.262431270442903042e-05 8.411447197431698442e-05 1.397892629029229283e-04 4.510088547249324620e-05 2.662441374923218973e-06
2.100000000000000000e+04 1.990925957215949893e-04 7.889883272582665086e-05 9.136214794125407934e-05 1.017652975860983133e-04 4.441160490387119353e-05 1.816909730223414954e-06 1.589271996635943651e-04 6.082340041757561266e-05 7.569913577754050493e-05 1.017652975860983133e-04 4.441160490387119353e-05 1.816909730223414954e-06
2.200000000000000000e+04 1.324351324001327157e-04 5.941333802184090018e-05 9.049651998793706298e-05 1.007408282021060586e-04 3.692770405905321240e-05 1.544940118947124574e-06 1.084913819795474410e-04 4.521175287663936615e-05 7.741148874629288912e-05 1.007408282021060586e-04 3.692770405905321240e-05 1.544940118947124574e-06
2.300000000000000000e+04 1.187626970931887627e-03 1.507376000517979264e-04 2.330514544155448675e-04 1.856672024587169290e-04 6.413443770725280046e-05 1.868832669060793705e-06 1.004526624456048012e-03 1.134887570515275002e-04 2.239311579614877701e-04 1.856672024587169290e-04 6.413443770725280046e-05 1.868832669060793705e-06
2.400000000000000000e+04 3.566778264939785004e-03 1.691696525085717440e-04 4.912803997285664082e-04 6.122629856690764427e-04 6.519760790979489684e-05 6.155835308163659647e-06 2.760845236480236053e-03 1.397411979269236326e-04 4.520198854152113199e-04 6.122629856690764427e-04 6.519760790979489684e-05 6.155835308163659647e-06
2.500000000000000000e+04 5.278217140585184097e-04 1.095015977625735104e-04 9.995877189794555306e-05 9.809697075979784131e-05 5.167594645172357559e-05 6.851075795566430315e-06 4.506770346779376268e-04 8.644734043627977371e-05 8.907758456189185381e-05 9.809697075979784131e-05 5.167594645172357559e-05 6.851075795566430315e-06
2.600000000000000000e+04 4.963949904777109623e-04 6.333479541353881359e-05 1.345820346614345908e-04 1.501006190665066242e-04 3.229025242035277188e-05 1.478562580814468674e-06 4.020296328235417604e-04 5.001759564038366079e-05 1.191496703540906310e-04 1.501006190665066242e-04 3.229025242035277188e-05 1.478562580814468674e-06
2.700000000000000000e+04 9.368273458676412702e-05 5.249071909929625690e-05 6.740367825841531157e-05 7.378149894066154957e-05 3.071901664952747524e-05 1.285175585508113727e-06 6.890959048178046942e-05 4.071326111443340778e-05 5.651965693687088788e-05 7.378149894066154957e-05 3.071901664952747524e-05 1.285175585508113727e-06
2.800000000000000000e+04 2.948900917544960976e-03 4.518259083852171898e-04 1.392937410855665803e-04 1.247644540853798389e-04 1.197329911519773304e-04 2.296982347615994513e-05 2.683166647329926491e-03 3.537046723067760468e-04 1.273411471629515290e-04 1.247644540853798389e-04 1.197329911519773304e-04 2.296982347615994513e-05
2.900000000000000000e+04 8.288145763799548149e-04 6.850474892416968942e-05 6.841860886197537184e-05 1.321850431850180030e-04 3.841518991976045072e-05 1.162144326372072101e-05 7.120770751498639584e-04 5.179928848519921303e-05 5.507091918843798339e-05 1.321850431850180030e-04 3.841518991976045072e-05 1.162144326372072101e-05
3.000000000000000000e+04 6.726219784468412399e-03 1.161978580057621002e-03 3.526973596308380365e-04 2.695300499908626080e-04 1.602544798515737057e-04 2.676157964742742479e-05 6.187497172504663467e-03 9.158741449937224388e-04 3.479183651506900787e-04 2.695300499908626080e-04 1.602544798515737057e-04 2.676157964742742479e-05
3.000000000000000000e+04 6.726219784468412399e-03 1.161978580057621002e-03 3.526973596308380365e-04 2.695300499908626080e-04 1.602544798515737057e-04 2.676157964742742479e-05 6.187497172504663467e-03 9.158741449937224388e-04 3.479183651506900787e-04 2.695300499908626080e-04 1.602544798515737057e-04 2.676157964742742479e-05
3.100000000000000000e+04 7.525383807660546154e-06 5.548654371523298323e-06 5.281983703753212467e-06 2.566045623098034412e-06 1.859003077697707340e-06 1.087765753027269966e-07 6.424054845410864800e-06 4.860388344241073355e-06 4.616693331627175212e-06 2.566045623098034412e-06 1.859003077697707340e-06 1.087765753027269966e-07
3.200000000000000000e+04 2.204384827564354055e-06 1.949330453498987481e-06 1.886611130430537742e-06 9.355636620966834016e-07 5.398389362198940944e-07 3.782315616263076663e-08 1.948143562913173810e-06 1.682724018792214338e-06 1.662540512370469514e-06 9.355636620966834016e-07 5.398389362198940944e-07 3.782315616263076663e-08
3.300000000000000000e+04 1.249435399586218409e-06 1.136551190938916989e-06 1.032282852975185961e-06 5.166479013496427797e-07 2.643209029429272050e-07 1.980451891370194062e-08 1.020058221001818310e-06 9.565749223838793114e-07 8.937313396017998457e-07 5.166479013496427797e-07 2.643209029429272050e-07 1.980451891370194062e-08
3.400000000000000000e+04 8.019324013730511069e-07 6.537392778227513190e-07 5.777866931566677522e-07 2.137074091024260269e-07 2.530021276925253915e-07 1.707506847026252217e-08 6.679708235424186569e-07 4.944895408698357642e-07 4.635141124254005263e-07 2.137074091024260269e-07 2.530021276925253915e-07 1.707506847026252217e-08
3.500000000000000000e+04 7.883600119384936988e-07 6.519448447761533316e-07 5.764317734247015323e-07 2.126572269389725989e-07 2.520450550491659669e-07 1.749278588647484867e-08 6.612709739783895202e-07 4.929339638692908920e-07 4.654187080177507596e-07 2.126572269389725989e-07 2.520450550491659669e-07 1.749278588647484867e-08
3.600000000000000000e+04 7.839714726287638769e-07 6.509892500616842881e-07 5.753350365012011025e-07 2.112717822910781251e-07 2.516982533506961772e-07 1.738686705721192993e-08 6.580014542123535648e-07 4.914998612548515666e-07 4.655159386857121717e-07 2.112717822910781251e-07 2.516982533506961772e-07 1.738686705721192993e-08
3.700000000000000000e+04 7.815655749254801776e-07 6.504857879008341115e-07 5.745988005401159171e-07 2.103969762856650050e-07 2.513893093691876857e-07 1.728063026007475855e-08 6.561483019140723627e-07 4.907173547508136835e-07 4.653468010928918375e-07 2.103969762856650050e-07 2.513893093691876857e-07 1.728063026007475855e-08
3.800000000000000000e+04 7.796043064445257187e-07 6.500341100945661310e-07 5.739045718655688688e-07 2.095195270612748573e-07 2.510481351691851160e-07 1.715322639483929379e-08 6.545710107275226619e-07 4.900927592643711250e-07 4.650141534057183890e-07 2.095195270612748573e-07 2.510481351691851160e-07 1.715322639483929379e-08
3.900000000000000000e+04 7.779372594995948020e-07 6.495947104667720851e-07 5.732747467845911160e-07 2.087497819047712255e-07 2.507243266336445231e-07 1.705455332512428868e-08 6.531442409141163807e-07 4.895658207715314347e-07 4.646863089874386787e-07 2.087497819047712255e-07 2.507243266336445231e-07 1.705455332512428868e-08
4.000000000000000000e+04 7.762981795167434029e-07 6.491998760793649126e-07 5.727316647607949562e-07 2.079413548017328139e-07 2.504343683540355414e-07 1.694176887667708797e-08 6.518324653370655142e-07 4.891682579000189435e-07 4.644514035589963896e-07 2.079413548017328139e-07 2.504343683540355414e-07 1.694176887667708797e-08
4.100000000000000000e+04 7.750055601718486287e-07 6.488838266704988200e-07 5.721931302105076611e-07 2.073016389658732805e-07 2.501582798686285969e-07 1.682589179097249144e-08 6.506998602162639145e-07 4.887858722213422880e-07 4.641688065021298826e-07 2.073016389658732805e-07 2.501582798686285969e-07 1.682589179097249144e-08
4.200000000000000000e+04 7.738928502476483118e-07 6.485311132564675063e-07 5.717128601645526942e-07 2.066017543711495819e-07 2.498643993931182195e-07 1.670872151748881151e-08 6.495621391877648421e-07 4.884625468548620120e-07 4.639766473246709211e-07 2.066017543711495819e-07 2.498643993931182195e-07 1.670872151748881151e-08
4.300000000000000000e+04 7.726791295681323390e-07 6.481160426119458862e-07 5.711440849154314492e-07 2.060494210809338256e-07 2.495947057923331158e-07 1.658607118315558182e-08 6.485951757895236369e-07 4.881936206402315293e-07 4.637269910290342523e-07 2.060494210809338256e-07 2.495947057923331158e-07 1.658607118315558182e-08
4.400000000000000000e+04 7.716167829130426981e-07 6.477843612628930714e-07 5.707079253625124693e-07 2.054156738040546770e-07 2.493503643563599326e-07 1.648582248492402869e-08 6.476474823102762457e-07 4.878835397903458215e-07 4.635471668734680861e-07 2.054156738040546770e-07 2.493503643563599326e-07 1.648582248492402869e-08
4.500000000000000000e+04 7.711003604526922572e-07 6.474095357589249033e-07 5.702915473193570506e-07 2.048843725788174197e-07 2.490821202627557795e-07 1.635781288200632844e-08 6.467977868851448875e-07 4.876200137005071156e-07 4.633684227428602753e-07 2.048843725788174197e-07 2.490821202627557795e-07 1.635781288200632844e-08
