# step, loss_train, loss_test, metrics_test
0.000000000000000000e+00 2.495435439050197601e-02 6.115323305130004883e-02 5.068515241146087646e-02 2.949381589889526367e+00 1.776459515094757080e-01 8.506274223327636719e-02 2.502360194921493530e-02 6.191994994878768921e-02 5.155038088560104370e-02 2.949381589889526367e+00 1.776459515094757080e-01 8.506274223327636719e-02
1.000000000000000000e+03 1.821175403892993927e-02 6.402080412954092026e-03 7.371221203356981277e-03 7.115030288696289062e-02 2.780110388994216919e-02 4.366782377474009991e-04 1.270090416073799133e-02 4.324363078922033310e-03 5.877103190869092941e-03 7.115030288696289062e-02 2.780110388994216919e-02 4.366782377474009991e-04
2.000000000000000000e+03 6.065275985747575760e-03 4.234401509165763855e-03 3.209449816495180130e-03 2.589063532650470734e-02 1.181103475391864777e-02 4.185460275039076805e-04 4.019845742732286453e-03 2.822721609845757484e-03 2.429041778668761253e-03 2.589063532650470734e-02 1.181103475391864777e-02 4.185460275039076805e-04
3.000000000000000000e+03 6.729568354785442352e-03 3.503681859001517296e-03 2.310100942850112915e-03 1.246500015258789062e-02 5.134477280080318451e-03 3.120827896054834127e-04 4.517005290836095810e-03 2.398052485659718513e-03 1.678296132013201714e-03 1.246500015258789062e-02 5.134477280080318451e-03 3.120827896054834127e-04
4.000000000000000000e+03 3.247131826356053352e-03 2.222589449957013130e-03 1.451702439226210117e-03 6.085650995373725891e-03 2.670580986887216568e-03 1.607779704499989748e-04 2.342839259654283524e-03 1.526300096884369850e-03 1.107572345063090324e-03 6.085650995373725891e-03 2.670580986887216568e-03 1.607779704499989748e-04
5.000000000000000000e+03 8.079956285655498505e-03 1.332842046394944191e-03 1.178614213131368160e-03 3.210776718333363533e-03 1.391021534800529480e-03 5.679227979271672666e-05 6.648545153439044952e-03 9.945351630449295044e-04 1.042925170622766018e-03 3.210776718333363533e-03 1.391021534800529480e-03 5.679227979271672666e-05
6.000000000000000000e+03 1.283411635085940361e-03 5.692257545888423920e-04 7.190938922576606274e-04 1.233577146194875240e-03 6.237633642740547657e-04 2.601621781650464982e-05 8.818336063995957375e-04 4.148337757214903831e-04 6.448240601457655430e-04 1.233577146194875240e-03 6.237633642740547657e-04 2.601621781650464982e-05
7.000000000000000000e+03 2.117641735821962357e-03 4.065555986016988754e-04 6.102618644945323467e-04 7.778707076795399189e-04 3.482456086203455925e-04 1.425134087185142562e-05 1.664404175244271755e-03 3.027019847650080919e-04 5.230479291640222073e-04 7.778707076795399189e-04 3.482456086203455925e-04 1.425134087185142562e-05
8.000000000000000000e+03 1.707746298052370548e-03 3.214930184185504913e-04 6.131813861429691315e-04 5.252600531093776226e-04 2.039098908426240087e-04 1.022596916300244629e-05 1.357427332550287247e-03 2.370909496676176786e-04 5.361721268855035305e-04 5.252600531093776226e-04 2.039098908426240087e-04 1.022596916300244629e-05
9.000000000000000000e+03 2.596075180917978287e-03 3.152152348775416613e-04 4.311025841161608696e-04 6.114942370913922787e-04 2.245197247248142958e-04 1.479810816817916930e-05 2.199251204729080200e-03 2.520334383007138968e-04 3.691081074066460133e-04 6.114942370913922787e-04 2.245197247248142958e-04 1.479810816817916930e-05
1.000000000000000000e+04 1.555271074175834656e-02 5.341784562915563583e-04 1.099720364436507225e-03 1.953274244442582130e-03 2.901543921325355768e-04 1.062423325493000448e-05 1.252230722457170486e-02 4.539863148238509893e-04 1.078701694495975971e-03 1.953274244442582130e-03 2.901543921325355768e-04 1.062423325493000448e-05
1.100000000000000000e+04 2.090003900229930878e-02 1.946462201885879040e-03 1.557827810756862164e-03 1.167731708846986294e-03 6.472968962043523788e-04 1.445499510737136006e-04 1.794561557471752167e-02 1.534854061901569366e-03 1.435694750398397446e-03 1.167731708846986294e-03 6.472968962043523788e-04 1.445499510737136006e-04
1.200000000000000000e+04 4.235661763232201338e-04 1.492238516220822930e-04 2.816722844727337360e-04 3.249475557822734118e-04 1.541023812023922801e-04 5.733694706577807665e-06 3.058878355659544468e-04 1.278807612834498286e-04 2.521932183299213648e-04 3.249475557822734118e-04 1.541023812023922801e-04 5.733694706577807665e-06
1.300000000000000000e+04 1.130868797190487385e-03 1.754568947944790125e-04 2.766324905678629875e-04 2.669639361556619406e-04 9.757788939168676734e-05 8.965341294242534786e-06 9.694236796349287033e-04 1.377010339638218284e-04 2.482811396475881338e-04 2.669639361556619406e-04 9.757788939168676734e-05 8.965341294242534786e-06
1.400000000000000000e+04 1.330073922872543335e-03 1.919892092701047659e-04 4.313851823098957539e-04 2.645816130097955465e-04 1.056289474945515394e-04 8.421165148320142180e-06 1.104012131690979004e-03 1.612418709555640817e-04 4.063637170474976301e-04 2.645816130097955465e-04 1.056289474945515394e-04 8.421165148320142180e-06
1.500000000000000000e+04 2.371192676946520805e-03 3.625980170909315348e-04 2.182013267884030938e-04 2.021972759393975139e-04 1.473699958296492696e-04 9.458623026148416102e-06 2.170247957110404968e-03 3.031020169146358967e-04 1.928545098053291440e-04 2.021972759393975139e-04 1.473699958296492696e-04 9.458623026148416102e-06
1.600000000000000000e+04 2.214696491137146950e-03 3.114536812063306570e-04 2.380689838901162148e-04 2.060398255707696080e-04 1.444701774744316936e-04 1.677150794421322644e-05 1.952998456545174122e-03 2.550852950662374496e-04 2.071146736852824688e-04 2.060398255707696080e-04 1.444701774744316936e-04 1.677150794421322644e-05
1.700000000000000000e+04 7.425381336361169815e-04 1.121776003856211901e-04 2.597599232103675604e-04 1.547853171359747648e-04 6.941034371266141534e-05 3.593653218558756635e-06 5.667163641192018986e-04 9.778620005818083882e-05 2.401073288638144732e-04 1.547853171359747648e-04 6.941034371266141534e-05 3.593653218558756635e-06
1.800000000000000000e+04 5.882786936126649380e-04 1.303306198678910732e-04 1.446182141080498695e-04 1.406434457749128342e-04 7.152820762712508440e-05 5.495965524460189044e-06 5.275420844554901123e-04 1.055761749739758670e-04 1.345749042229726911e-04 1.406434457749128342e-04 7.152820762712508440e-05 5.495965524460189044e-06
1.900000000000000000e+04 1.493416377343237400e-03 1.624509313842281699e-04 1.920614449772983789e-04 2.745744423009455204e-04 7.028533582342788577e-05 5.389389571064384654e-06 1.224385225214064121e-03 1.402104389853775501e-04 1.757553254719823599e-04 2.745744423009455204e-04 7.028533582342788577e-05 5.389389571064384654e-06
2.000000000000000000e+04 2.678236691281199455e-03 1.684015442151576281e-04 7.508418639190495014e-04 2.393581235082820058e-04 9.495991980656981468e-05 2.846254119504010305e-06 2.078783931210637093e-03 1.427710230927914381e-04 7.237301324494183064e-04 2.393581235082820058e-04 9.495991980656981468e-05 2.846254119504010305e-06
2.100000000000000000e+04 4.653180076275020838e-04 9.855293319560587406e-05 1.492528681410476565e-04 1.296079281019046903e-04 5.604602120001800358e-05 4.764625828101998195e-06 3.679452638607472181e-04 8.068573515629395843e-05 1.376424916088581085e-04 1.296079281019046903e-04 5.604602120001800358e-05 4.764625828101998195e-06
2.200000000000000000e+04 1.263793907128274441e-03 2.174844412365928292e-04 2.350412542000412941e-04 1.802846818463876843e-04 8.671233808854594827e-05 5.841334768774686381e-06 1.138626248575747013e-03 1.867726969067007303e-04 2.171679079765453935e-04 1.802846818463876843e-04 8.671233808854594827e-05 5.841334768774686381e-06
2.300000000000000000e+04 5.176982958801090717e-04 8.213504770537838340e-05 1.303649187320843339e-04 1.065661708707921207e-04 5.022711775382049382e-05 2.809813850035425276e-06 4.146136925555765629e-04 6.992273119976744056e-05 1.228922192240133882e-04 1.065661708707921207e-04 5.022711775382049382e-05 2.809813850035425276e-06
2.400000000000000000e+04 4.358786391094326973e-04 9.735977073432877660e-05 1.004022924462333322e-04 9.017901174956932664e-05 4.745692785945720971e-05 2.288096766278613359e-06 3.656256012618541718e-04 8.208375220419839025e-05 9.181325003737583756e-05 9.017901174956932664e-05 4.745692785945720971e-05 2.288096766278613359e-06
2.500000000000000000e+04 3.798788238782435656e-04 8.629371586721390486e-05 6.170901906443759799e-05 8.888626325642690063e-05 4.250927668181248009e-05 3.172833203279878944e-06 3.317752561997622252e-04 7.077774353092536330e-05 5.472329939948394895e-05 8.888626325642690063e-05 4.250927668181248009e-05 3.172833203279878944e-06
2.600000000000000000e+04 4.910419229418039322e-03 4.226943710818886757e-04 6.792948115617036819e-04 2.512479259166866541e-04 1.500698854215443134e-04 4.608074596035294235e-05 3.972115460783243179e-03 3.355132648721337318e-04 6.420988938771188259e-04 2.512479259166866541e-04 1.500698854215443134e-04 4.608074596035294235e-05
2.700000000000000000e+04 3.720149397850036621e-04 9.006552863866090775e-05 5.826928099850192666e-05 8.061998960329219699e-05 3.991179255535826087e-05 2.651420345500810072e-06 3.297012590337544680e-04 7.441855996148660779e-05 5.007980144000612199e-05 8.061998960329219699e-05 3.991179255535826087e-05 2.651420345500810072e-06
2.800000000000000000e+04 7.579297525808215141e-04 9.379562106914818287e-05 8.042379340622574091e-05 1.172770353150554001e-04 4.986994827049784362e-05 5.654798769683111459e-06 6.244799587875604630e-04 7.470005220966413617e-05 6.925527850398793817e-05 1.172770353150554001e-04 4.986994827049784362e-05 5.654798769683111459e-06
2.900000000000000000e+04 8.317583124153316021e-04 1.056693654390983284e-04 6.636229954892769456e-05 1.469360431656241417e-04 4.187053491477854550e-05 8.687890840519685298e-06 7.077400805428624153e-04 9.039117139764130116e-05 5.760714702773839235e-05 1.469360431656241417e-04 4.187053491477854550e-05 8.687890840519685298e-06
3.000000000000000000e+04 2.974087838083505630e-04 8.145839092321693897e-05 8.165960025507956743e-05 5.958467590971849859e-05 3.197802288923412561e-05 2.142418225048459135e-06 2.699655015021562576e-04 6.124801439000293612e-05 7.316441769944503903e-05 5.958467590971849859e-05 3.197802288923412561e-05 2.142418225048459135e-06
