# step, loss_train, loss_test, metrics_test
0.000000000000000000e+00 1.553038135170936584e-03 1.031465679407119751e-01 8.147241896949708462e-04 2.870862245559692383e+00 9.371962398290634155e-02 1.280788481235504150e-01 1.553038135170936584e-03 1.031465679407119751e-01 8.147241896949708462e-04 2.870862245559692383e+00 9.371962398290634155e-02 1.280788481235504150e-01
1.000000000000000000e+03 1.358167268335819244e-02 9.307504631578922272e-03 9.197235107421875000e-03 7.852280139923095703e-02 2.585783973336219788e-02 4.169656604062765837e-04 1.358167268335819244e-02 9.307504631578922272e-03 9.197235107421875000e-03 7.852280139923095703e-02 2.585783973336219788e-02 4.169656604062765837e-04
2.000000000000000000e+03 5.562336649745702744e-03 3.467359812930226326e-03 5.193774588406085968e-03 1.766608282923698425e-02 5.625316873192787170e-03 1.762638858053833246e-04 5.562336649745702744e-03 3.467359812930226326e-03 5.193774588406085968e-03 1.766608282923698425e-02 5.625316873192787170e-03 1.762638858053833246e-04
3.000000000000000000e+03 3.401685506105422974e-03 1.570028136484324932e-03 2.236472675576806068e-03 7.215377409011125565e-03 2.779354341328144073e-03 1.590594329172745347e-04 3.401685506105422974e-03 1.570028136484324932e-03 2.236472675576806068e-03 7.215377409011125565e-03 2.779354341328144073e-03 1.590594329172745347e-04
4.000000000000000000e+03 2.314332174137234688e-03 9.656493202783167362e-04 1.196205266751348972e-03 3.449405543506145477e-03 1.649653888307511806e-03 8.787250408204272389e-05 2.314332174137234688e-03 9.656493202783167362e-04 1.196205266751348972e-03 3.449405543506145477e-03 1.649653888307511806e-03 8.787250408204272389e-05
5.000000000000000000e+03 1.476702396757900715e-03 5.697848973795771599e-04 7.084436947479844093e-04 1.732664648443460464e-03 1.001411932520568371e-03 5.273593706078827381e-05 1.476702396757900715e-03 5.697848973795771599e-04 7.084436947479844093e-04 1.732664648443460464e-03 1.001411932520568371e-03 5.273593706078827381e-05
6.000000000000000000e+03 1.585614983923733234e-03 4.445011436473578215e-04 6.212930311448872089e-04 9.777845116332173347e-04 6.122675258666276932e-04 2.640035381773486733e-05 1.585614983923733234e-03 4.445011436473578215e-04 6.212930311448872089e-04 9.777845116332173347e-04 6.122675258666276932e-04 2.640035381773486733e-05
7.000000000000000000e+03 1.086651813238859177e-03 3.007073537446558475e-04 4.897852777503430843e-04 6.227820995263755322e-04 3.759335668291896582e-04 1.445264570065774024e-05 1.086651813238859177e-03 3.007073537446558475e-04 4.897852777503430843e-04 6.227820995263755322e-04 3.759335668291896582e-04 1.445264570065774024e-05
8.000000000000000000e+03 6.100650643929839134e-04 2.217814617324620485e-04 3.390394849702715874e-04 3.958707966376096010e-04 2.671995607670396566e-04 6.355772256938507780e-06 6.100650643929839134e-04 2.217814617324620485e-04 3.390394849702715874e-04 3.958707966376096010e-04 2.671995607670396566e-04 6.355772256938507780e-06
9.000000000000000000e+03 1.450171694159507751e-03 2.765969547908753157e-04 4.005246446467936039e-04 4.256405518390238285e-04 2.245795476483181119e-04 3.668198360173846595e-06 1.450171694159507751e-03 2.765969547908753157e-04 4.005246446467936039e-04 4.256405518390238285e-04 2.245795476483181119e-04 3.668198360173846595e-06
1.000000000000000000e+04 3.884899488184601068e-04 1.556050119688734412e-04 2.461888652760535479e-04 2.477092493791133165e-04 1.482469961047172546e-04 2.455036337778437883e-06 3.884899488184601068e-04 1.556050119688734412e-04 2.461888652760535479e-04 2.477092493791133165e-04 1.482469961047172546e-04 2.455036337778437883e-06
